4 -30 60 -35 112 -120
-30 44 65 -234 113 211
60 65 214 345 212 114 
-35 -234 345 435 23 0
112 113 212 23 -321 331
-120 211 114 0 331 -234